1755506723587 17419.056524077707 0
1755506724049 16093.100084206646 1
1755506724049 14884.18517757113 2
1755506724049 13779.986718680115 3
1755506724049 12781.689718514219 4
1755506724068 11857.970042348083 5
1755506724068 11004.972808988106 6
1755506724068 10231.373351655153 7
1755506724068 9518.321078982815 8
1755506724068 8844.652408948923 9
1755506724068 8237.355786324511 10
1755506724068 7680.918464215769 11
1755506724082 7179.5718857257 12
1755506724082 6722.805711995689 13
1755506724082 6310.121761268736 14
1755506724082 5932.227162303731 15
1755506724082 5582.401023082548 16
1755506724082 5258.921730692342 17
1755506724098 4965.089836708614 18
1755506724100 4686.634632855709 19
1755506724100 4436.45566519264 20
1755506724100 4208.885460610212 21
1755506724100 3993.6925487292856 22
1755506724100 3798.1377068323395 23
1755506724100 3622.2088505155607 24
1755506724100 3451.064026095481 25
1755506724115 3298.7942598010604 26
1755506724117 3162.560267738286 27
1755506724121 3025.7936427549794 28
1755506724121 2908.507995460334 29
1755506724121 2792.0207706815427 30
1755506724121 2688.6907271494997 31
1755506724121 2592.0839436785104 32
1755506724131 2514.307052346925 33
1755506724136 2430.8561821928174 34
1755506724138 2352.9658081443445 35
1755506724139 2281.9634839318182 36
1755506724139 2216.556379906947 37
1755506724139 2153.850346111938 38
1755506724148 2096.594516260568 39
1755506724151 2041.9912524475392 40
1755506724153 1987.6352945611766 41
1755506724155 1948.6987193261225 42
1755506724155 1904.8175496886704 43
1755506724155 1860.9073755957395 44
1755506724155 1819.9771165788904 45
1755506724155 1786.8857418761193 46
1755506724166 1753.0306580337062 47
1755506724166 1721.0672848401534 48
1755506724168 1686.3292340018063 49
1755506724170 1663.7293220271977 50
1755506724170 1632.0565795581556 51
1755506724170 1609.968556022816 52
1755506724170 1585.595681619899 53
1755506724170 1565.442324493882 54
1755506724178 1541.9929279898067 55
1755506724182 1519.0670895931717 56
1755506724185 1501.9062609788737 57
1755506724186 1484.0048676987253 58
1755506724188 1464.7936295872132 59
1755506724188 1445.6962467030282 60
1755506724190 1432.5537332053007 61
1755506724190 1419.4939350540583 62
1755506724190 1409.8384275033286 63
1755506724190 1397.4345315015476 64
1755506724197 1385.9203695320891 65
1755506724199 1376.2977746582053 66
1755506724201 1363.196204349208 67
1755506724203 1357.4766416712537 68
1755506724203 1347.3092119457306 69
1755506724203 1338.963705185458 70
1755506724203 1330.8455963204694 71
1755506724203 1324.9790248416625 72
1755506724209 1318.242523293461 73
1755506724209 1313.365446655835 74
1755506724211 1309.2639581087835 75
1755506724211 1300.7600395554177 76
1755506724214 1295.8384035703996 77
1755506724216 1287.5914539127498 78
1755506724217 1283.0270693747673 79
1755506724218 1279.0435615917659 80
1755506724219 1275.3084846042457 81
1755506724221 1272.9679363976138 82
1755506724221 1268.2834956886456 83
1755506724221 1261.8692932602085 84
1755506724221 1250.666306109867 85
1755506724221 1240.7905195944757 86
1755506724221 1235.4001418840996 87
1755506724230 1224.348671346048 88
1755506725178 1484.0048676987253 89
1755506723587 17419.056524077707 0
