1755504624936 17653.233451705397 0
1755504625114 16524.58163996143 1
1755504625116 15481.225364188163 2
1755504625117 14507.280503540363 3
1755504625118 13614.609561498395 4
1755504625121 12790.803479348353 5
1755504625122 12019.398097689776 6
1755504625123 11302.549652593949 7
1755504625124 10632.862674178572 8
1755504625126 10009.918601647521 9
1755504625127 9424.551449083618 10
1755504625128 8902.442687851233 11
1755504625130 8408.11105386394 12
1755504625131 7937.679124951481 13
1755504625132 7500.666073803346 14
1755504625133 7105.787559804582 15
1755504625135 6734.74098241274 16
1755504625136 6390.943120733192 17
1755504625138 6082.859014637343 18
1755504625140 5783.068241493964 19
1755504625141 5516.273717421791 20
1755504625143 5255.493209759036 21
1755504625144 5015.969305404467 22
1755504625146 4795.804878717862 23
1755504625147 4584.695164143525 24
1755504625148 4381.335048256322 25
1755504625150 4204.496332945833 26
1755504625152 4037.916496657002 27
1755504625153 3882.1838454818067 28
1755504625154 3730.650328757498 29
1755504625156 3589.5778847229576 30
1755504625158 3451.7352004561903 31
1755504625159 3332.054581225551 32
1755504625161 3213.0359254994382 33
1755504625162 3104.0398766866315 34
1755504625163 2999.290893527343 35
1755504625165 2904.9329909037847 36
1755504625166 2821.892600120361 37
1755504625168 2740.665622766104 38
1755504625169 2657.324803697554 39
1755504625171 2579.6065330249066 40
1755504625172 2510.5670805884424 41
1755504625173 2444.7978505649103 42
1755504625175 2387.1926895800275 43
1755504625176 2331.320603666328 44
1755504625177 2269.2327016488393 45
1755504625178 2217.55369156757 46
1755504625180 2165.0448002992716 47
1755504625181 2113.823223570199 48
1755504625183 2071.768788854548 49
1755504625185 2030.6677975549976 50
1755504625186 1988.837038325716 51
1755504625188 1957.5080633892476 52
1755504625190 1923.9652523341526 53
1755504625191 1889.8559006672872 54
1755504625193 1854.3846367298581 55
1755504625194 1826.2591779315665 56
1755504625195 1797.5818947109756 57
1755504625196 1786.2443848475752 58
1755504625197 1762.7297878897516 59
1755504625199 1738.2384631951973 60
1755504625200 1718.5449812463658 61
1755504625201 1693.7582303723661 62
1755504625203 1669.216430553081 63
1755504625204 1649.7079180039764 64
1755504625205 1633.16123334756 65
1755504625206 1615.7028531578806 66
1755504625208 1596.7263033515226 67
1755504625209 1576.8127823089994 68
1755504625210 1566.5371584613754 69
1755504625210 1558.8917366604176 70
1755504625211 1546.8037735460591 71
1755504625212 1536.5986247230555 72
1755504625213 1525.5972596783809 73
1755504625214 1515.1402129135495 74
1755504625216 1501.7642432725154 75
1755504625217 1485.8949523541685 76
1755504625218 1474.0277319608833 77
1755504625218 1463.5215366659813 78
1755504625219 1453.8068896689556 79
1755504625220 1441.2872291323438 80
1755504625221 1429.2090550211844 81
1755504625222 1424.0654984418734 82
1755504625224 1413.7629038818982 83
1755504625225 1404.3014183907883 84
1755504625226 1396.886717626298 85
1755504625226 1393.1665957702057 86
1755504625228 1382.3332676680561 87
1755504625229 1374.6639055214443 88
1755504625230 1368.2279015282948 89
1755504625231 1361.340264747153 90
1755504625231 1356.4791355121968 91
1755504625232 1350.7607743592575 92
1755504625233 1346.0968999233046 93
1755504625234 1340.4016929951242 94
1755504625235 1336.1373840414512 95
1755504625236 1330.4740626181158 96
1755504625238 1321.1924409174371 97
1755504625239 1315.1796751350957 98
1755504625240 1310.4288250700354 99
1755504625242 1305.750902264927 100
1755504625243 1300.572354839359 101
1755504625702 1546.8037735460591 102
1755504624936 17653.233451705397 0
